0.0	0.0	0.0	0.0	0.0001
0.07716049382716049	0.07425903666395592	0.009660126389037502	3.874208350845549e-12	0.14850900334544137
0.15432098765432098	0.14299352434810322	0.02459703636827015	-5.489117355290327e-11	0.2859831719512579
0.23148148148148145	0.20668295125338895	0.04225079687205054	3.5663826299372594e-09	0.4133767952257261
0.30864197530864196	0.2656083590287154	0.061727572067911296	-1.5496790578982336e-08	0.5311976773980859
0.38580246913580246	0.3202009104969693	0.0826698849121202	-2.4311934203807812e-08	0.6403111229488941
0.4629629629629629	0.37073996174975504	0.10465028719588915	1.9267598303246115e-07	0.7413764915851603
0.5401234567901234	0.41751300723769763	0.12746381203000248	2.6656067987870404e-07	0.8349775106254138
0.6172839506172839	0.460817053424626	0.15100877845657198	-4.0842543488727836e-07	0.9216737386758588
0.6944444444444444	0.5009177088196388	0.17516567983627362	-1.3647839698515267e-06	1.0019514932418816
0.7716049382716049	0.5380428340788548	0.19979305458159774	-8.451668609606595e-07	1.0762092867639304
0.8487654320987654	0.572415091262264	0.22475701170596174	2.282105293276656e-06	1.144847192391331
0.9259259259259258	0.6042215552386029	0.25003011261882313	7.235428445374855e-07	1.2083463676020787
1.0030864197530864	0.6336296918242389	0.2756293336185239	-1.0087716877251365e-05	1.2671965810544605
1.0802469135802468	0.6608264261111447	0.301440859049397	7.443709877451816e-06	1.3216592271264351
1.1574074074074074	0.6860011896336158	0.3273734131157088	7.582055558999044e-05	1.372004221648037
1.2345679012345678	0.7093304217107655	0.3534734192053049	0.00015480936766236374	1.4186691491891517
1.3117283950617282	0.7309482501887221	0.37965561920484536	0.000243008364987952	1.4618622969259971
1.3888888888888888	0.7509570551856192	0.4058352644480994	0.0003298636725318543	1.5017834458390245
1.4660493827160492	0.7694058785070418	0.4321324063982819	0.00047350166551970063	1.5388069315073085
1.5432098765432098	0.7865083114923864	0.4584706035215118	0.0007153357897352997	1.5730755943156496
1.6203703703703702	0.8024096108471805	0.48471325369625706	0.0009335810339764579	1.6048147862787718
1.6975308641975309	0.8170791580974319	0.511022249487803	0.0014104024504868464	1.63415971317635
1.7746913580246912	0.8306083031417074	0.537294927661341	0.0019031231929360678	1.6613273715584973
1.8518518518518516	0.8432083906610729	0.5634701404941665	0.002531394073902736	1.686510939080901
1.9290123456790123	0.8548363834112666	0.589589821895077	0.0034188354158463845	1.709784897851338
2.006172839506173	0.8656419285370149	0.6156651030758294	0.004528802256767109	1.7313274402899312
2.083333333333333	0.8756229861508605	0.6416981793415345	0.005830361339240558	1.7512852832363914
2.1604938271604937	0.884864076564249	0.6675815542998125	0.00746228550245647	1.7698043805267365
2.2376543209876543	0.8934435666615175	0.6933503385432593	0.009408798403056898	1.7868951790957037
2.314814814814815	0.9012971757859408	0.7190010330428787	0.011697373704128964	1.8026946674789233
2.391975308641975	0.908660707415493	0.7445805854304051	0.01444160103771176	1.8173345297507306
2.4691358024691357	0.9154456924406081	0.770013386836408	0.017700662774422286	1.8309410874208332
2.5462962962962963	0.9217134524690955	0.795350343901953	0.021493273880719775	1.843519678516868
2.6234567901234565	0.9275476307330839	0.8206077913734128	0.02583814842539519	1.8551013014739413
2.700617283950617	0.9329163587456494	0.845668167820153	0.03078138677618175	1.8658290677820402
2.7777777777777777	0.9379030375417617	0.8705548754711101	0.036416552321350104	1.8757932072235202
2.8549382716049383	0.9425651978093749	0.8953156201377138	0.04281083298183757	1.8850466606155587
2.9320987654320985	0.9468518734113552	0.9199524296037506	0.04996515168856328	1.8936155938367605
3.009259259259259	0.9507772526774716	0.9444514077011443	0.05792877566844328	1.9015351856434195
3.0864197530864197	0.9544129266154008	0.9687914497568295	0.06679008797217914	1.9088499033495028
3.16358024691358	0.9577949229525212	0.9929739575235624	0.07658626503687817	1.915604017361673
3.2407407407407405	0.960936823643333	1.0170125939387444	0.08732507589913904	1.9218417662025467
3.317901234567901	0.9638468515032862	1.040904685032361	0.09903614444140446	1.9276106576070255
3.3950617283950617	0.9665297124171922	1.0646358008088654	0.11176497760240252	1.9329602448338736
3.472222222222222	0.968999134073424	1.0882005128056809	0.1255473194730316	1.9379192272805421
3.5493827160493825	0.9712835313036098	1.1116083402050705	0.14040259079424663	1.9424825715913234
3.626543209876543	0.9734109302216183	1.134867926902512	0.15634781770316278	1.9466430201648754
3.7037037037037033	0.9753926092321645	1.1579662075244381	0.17339115277275202	1.9504014697051248
3.780864197530864	0.977230416982213	1.1808778933450506	0.19153575233683026	1.95376340817816
3.8580246913580245	0.9789269797980678	1.2035788083565202	0.21078447028294456	1.9567309444386911
3.935185185185185	0.9804931110992798	1.2260563591780256	0.2311378750846376	1.9592743871278102
4.012345679012346	0.9819440615759737	1.2483042300230525	0.2525952965584586	1.9613468096911812
4.089506172839506	0.9832950940337509	1.2703160625207945	0.27515599565356796	1.9629008340048928
4.166666666666666	0.9845564394043602	1.2920689046713816	0.298810249229228	1.9638444542991667
4.243827160493827	0.9857278371285985	1.3135052066463317	0.32352960225661836	1.9639926158613388
4.320987654320987	0.9868077144623882	1.3345630914202362	0.3492832568844987	1.9631486262223945
4.398148148148148	0.987794498661652	1.3551806819676868	0.37604041526162874	1.9611157929133194
4.4753086419753085	0.9886897192296604	1.3752888565714123	0.403766728650915	1.957674322281823
4.552469135802469	0.9895075345908194	1.3947890011391253	0.43241339303418097	1.9525103781996251
4.62962962962963	0.9902653163537483	1.413574997815328	0.4619279265271469	1.9452861972531332
4.7067901234567895	0.9909801888443257	1.4315405312713854	0.4922575833800216	1.9356637712762876
4.78395061728395	0.9916595338616307	1.448571506145294	0.52333922203801	1.9232954494754697
4.861111111111111	0.9922980019533049	1.4645436603531083	0.5550961160098695	1.9078209803510564
4.938271604938271	0.9928893851924628	1.479332046263837	0.5874506227654319	1.8888792627316406
5.015432098765432	0.9934286750899515	1.492816736115824	0.6203248913834875	1.8661365596218609
5.092592592592593	0.9939196529921352	1.504914589239063	0.6536395437914487	1.8394596668261063
5.169753086419753	0.9943700108112196	1.5155588314067792	0.6873145224926369	1.8088045964617723
5.246913580246913	0.9947873337803392	1.5246842158431169	0.7212696539611694	1.7741337717813925
5.3240740740740735	0.9951756822784021	1.5322666246288705	0.7554215676327716	1.735579596127092
5.401234567901234	0.995535180003314	1.5383278739964894	0.7896833223784007	1.6934643125751772
5.478395061728395	0.9958657434614671	1.5428921977394074	0.8239677891465702	1.6481201556596912
5.555555555555555	0.9961678275384495	1.5459934780725624	0.8581913096187499	1.5999011579799374
5.632716049382716	0.9964448796538914	1.547719227124534	0.8922895172443635	1.5492825147893683
5.709876543209877	0.9967013809650666	1.548175482881842	0.9262047095997783	1.496781275634419
5.787037037037036	0.9969418136127348	1.5474683009563037	0.9598791906015389	1.442914529881242
5.864197530864197	0.9971706597376565	1.5457037369597373	0.9932552641661906	1.388199366895987
5.9413580246913575	0.997391385766663	1.5429857476671371	1.0262777868228925	1.3331329909942098
6.018518518518518	0.9976014172407459	1.5394058071718248	1.058906796581497	1.27809434157733
6.095679012345679	0.9977959553406809	1.5350507932245925	1.0911079215395634	1.2234188108292
6.172839506172839	0.9979701977742675	1.5300075763997927	1.1228467985226618	1.1694417229417955
6.25	0.9981203712873208	1.5243608625556897	1.15409014675689	1.1164817127337567
6.32716049382716	0.9982499776580948	1.51818005356805	1.184812337759949	1.0647394254736093
6.40432098765432	0.9983656544849597	1.511527954704781	1.2149910414829344	1.0143646483742115
6.481481481481481	0.9984740516706908	1.5044673453498636	1.2446039408194112	0.965506969090387
6.558641975308642	0.9985811754171806	1.4970589776556666	1.2736295115222818	0.9183071165491492
6.635802469135802	0.9986875656895684	1.4893463887477545	1.3020529622183152	0.8728305923400098
6.712962962962963	0.9987910046889624	1.4813644306207938	1.3298628983277603	0.8291049452057795
6.790123456790123	0.9988892534658131	1.4731478886588851	1.3570479513225568	0.7871574328101041
6.867283950617283	0.9989802727317089	1.4647305347334367	1.3835973801331767	0.7470100455304399
6.944444444444444	0.9990631494967047	1.4561404234400397	1.4095039832150795	0.7086550607192018
7.021604938271604	0.9991373653350945	1.447403606501477	1.4347617989881005	0.6720743466787948
7.098765432098765	0.9992024022897684	1.438546133367425	1.4593648672835815	0.6372497601122139
7.175925925925926	0.9992585759388969	1.4295917142878505	1.4833087521296553	0.6041548369758801
7.253086419753086	0.9993091620040712	1.420555752285896	1.5065944304520487	0.5727335636632289
7.330246913580247	0.9993580930240369	1.4114518071195978	1.5292240802277488	0.5429233699057106
7.4074074074074066	0.999409293762606	1.4022934324827947	1.5511998740010626	0.5146616891192797
7.484567901234567	0.9994643686030662	1.393092372247101	1.572522362966732	0.48788705433710366
7.561728395061728	0.999519367789627	1.3838560382341814	1.5931882174038965	0.46254063067225265
7.638888888888888	0.9995695279138399	1.3745912076427806	1.613193539057624	0.43856396882389287
7.716049382716049	0.9996101212204938	1.3653046724428226	1.632534479769011	0.41589864736564675
7.79320987654321	0.9996397040431656	1.3560045852061742	1.6512118058212428	0.39448881244124007
7.87037037037037	0.9996627206642096	1.3467015378889768	1.6692345565986326	0.3742832135173375
7.947530864197531	0.9996842281101608	1.3374063763080255	1.686612632446547	0.35523107911697027
8.024691358024691	0.9997092131686377	1.328129886757135	1.7033558999109648	0.3372815753401193
8.101851851851851	0.9997387006496414	1.3188794980080614	1.7194723190105285	0.3203803471799893
8.179012345679013	0.9997677151686726	1.3096575540523487	1.734966962434384	0.30446770710962373
8.256172839506172	0.9997907813160162	1.3004659751422227	1.7498446622565498	0.2894835232173823
8.333333333333332	0.9998025160305181	1.2913066712252759	1.7641102514975786	0.275367818802535
8.410493827160494	0.9998024981767101	1.2821809985769441	1.7777686140356368	0.26206895670962194
8.487654320987653	0.9997976819647303	1.2730894905011485	1.7908247093430225	0.2495476955811993
8.564814814814815	0.9997956205342059	1.264032613470784	1.8032835030308065	0.23776580068505293
8.641975308641975	0.9998038101736887	1.2550108404985842	1.815149981895249	0.2266850548733525
8.719135802469136	0.9998248642680053	1.2460252062999497	1.8264309523155668	0.216268751310024
8.796296296296296	0.9998528323501729	1.237077730729182	1.8371364119357785	0.20648283201033493
8.873456790123456	0.9998808972573116	1.2281705333405601	1.8472766813686063	0.19729350706385354
8.950617283950617	0.9999022458986995	1.219305734776588	1.8568620807630927	0.1886669880634799
9.027777777777777	0.9999124684916272	1.210486097928787	1.8659026566140884	0.18057037383903538
9.104938271604938	0.9999136057063224	1.2017161094781474	1.8744077209315273	0.1729731445547234
9.182098765432098	0.9999087691957709	1.193000542310184	1.8823864637772105	0.1658451757528847
9.25925925925926	0.9999010706129575	1.1843441693104102	1.8898480752129405	0.1591563429758594
9.33641975308642	0.999893503099968	1.175750614355487	1.8968016445209253	0.15287769437275991
9.413580246913579	0.9998883510497806	1.1672166297262883	1.9032556582755429	0.14698729081477582
9.49074074074074	0.9998876365274046	1.1587364243329135	1.9092183799720603	0.14146578877867935
9.5679012345679	0.9998933811731431	1.1503042029677644	1.914698072744581	0.13629384894350885
9.645061728395062	0.9999075104916271	1.1419143535317222	1.919703013339999	0.1314521711760853
9.722222222222221	0.9999291448262971	1.1335666068832084	1.9242418757154507	0.12692259881107484
9.799382716049383	0.9999542233044031	1.1252667531057117	1.9283237842876235	0.12268827194228553
9.876543209876543	0.9999785133331911	1.1170209093557955	1.931957887788721	0.11873240066175035
9.953703703703702	0.999997782319907	1.1088351927900217	1.9351533349509475	0.11503819506150202
10.030864197530864	1.000008490521307	1.1007147874737127	1.9379194643309203	0.11158928882968026
10.108024691358024	1.0000114917190046	1.0926589605169192	1.940266818207372	0.10837200177889808
10.185185185185185	1.0000093564919057	1.0846646669424478	1.9422064092209714	0.10537370334169034
10.262345679012345	1.0000046593705096	1.076728856451316	1.943749251095033	0.10258176536652865
10.339506172839506	0.9999999748851668	1.068848478744699	1.944906357552698	0.09998355970205783
10.416666666666666	0.9999973330744212	1.0610210502988517	1.945688121067132	0.09756708504568837
10.493827160493826	0.9999966284507675	1.0532463105122807	1.9461024975357883	0.09532279862929477
10.570987654320987	0.9999972320495225	1.045524543683925	1.9461568455832474	0.09324176034032831
10.648148148148147	0.9999985149060028	1.0378560341127232	1.9458585238340895	0.09131503006624044
10.725308641975309	0.9999998480555247	1.0302410660976147	1.9452148909128957	0.08953366769448232
10.802469135802468	1.000000686106667	1.022680037542239	1.9442334740865055	0.0878892067609593
10.87962962962963	1.0000009905522058	1.0151740353795542	1.9429228234620106	0.08637605354951826
10.95679012345679	1.000000912971843	1.007724404935787	1.941291872722394	0.0849896916548089
11.03395061728395	1.0000006052818704	1.0003324919947065	1.9393495562298455	0.08372560657910279
11.11111111111111	1.0000002193985815	0.9929996423400824	1.9371048083465565	0.0825792838246715
11.18827160493827	0.9999999058363644	0.9857271819744945	1.9345665690669591	0.08154619686757292
11.265432098765432	0.9999997426324031	0.9785154142306871	1.9317440695673835	0.08062119743936985
11.342592592592592	0.9999997017088574	0.971363145134298	1.9286469673481879	0.07979822696565951
11.419753086419753	0.9999997465503652	0.9642690616556098	1.9252849538080252	0.07907115449089658
11.496913580246913	0.9999998406415644	0.9572318507649061	1.9216677203455492	0.07843384905953586
11.574074074074073	0.9999999474670931	0.9502501994324702	1.917804958359413	0.07788017971603214
11.651234567901234	1.0000000311164823	0.9433228125585007	1.9137062988005176	0.0774040962331077
11.728395061728394	1.0000000754292766	0.936448980462294	1.909379398975937	0.07700218419446993
11.805555555555555	1.000000087913281	0.9296286950248241	1.9048295509933717	0.07667418791915204
11.882716049382715	1.0000000774728997	0.922861989524262	1.9000619073967149	0.0764200381143371
11.959876543209877	1.0000000530125364	0.9161488972387771	1.895081620729858	0.0762396654872082
12.037037037037036	1.0000000234365947	0.90948945144654	1.8898938435366937	0.07613300074494841
12.114197530864196	0.9999999976470797	0.9028836855244805	1.8845037291399978	0.07609997387566074
12.191358024691358	0.9999999820186675	0.8963317369040673	1.8789172515053345	0.07613975723422249
12.268518518518517	0.999999975607702	0.889834044325266	1.8731427609159752	0.07624932931324471
12.345679012345679	0.9999999761535185	0.8833911007516216	1.867189035298136	0.07642527379713522
12.422839506172838	0.9999999813954513	0.8770033991466795	1.861064852578035	0.07666417437030194
12.5	0.999999989072835	0.8706714324739843	1.854778990681889	0.07696261471715274
12.57716049382716	0.9999999969250049	0.8643956936970815	1.8483402275359153	0.07731717852209545
12.65432098765432	1.0000000027645943	0.8581766537664595	1.8417571953900824	0.07772453773435412
12.731481481481481	1.00000000583902	0.8520143527417814	1.8350356749794816	0.0781830920277373
12.80864197530864	1.0000000067034622	0.8459084379378796	1.8281788479638301	0.07869281584827677
12.885802469135802	1.0000000059609282	0.8398585423062821	1.8211898009505243	0.07925374123392896
12.962962962962962	1.0000000042144253	0.8338642987985176	1.8140716205469616	0.07986590022265022
13.040123456790123	1.000000002066961	0.8279253403661145	1.806827393360539	0.08052932485239693
13.117283950617283	1.0000000001215423	0.8220412999606015	1.7994602059986535	0.08124404716112545
13.194444444444443	0.9999999988796437	0.8162117592485147	1.791973709958147	0.08201015904142332
13.271604938271604	0.9999999983331773	0.8104360425142466	1.7843743917261612	0.08282805277615884
13.348765432098764	0.9999999983145432	0.8047133934714796	1.776669625253049	0.08369821468214556
13.425925925925926	0.9999999986560859	0.7990430558061116	1.7688667847951953	0.08462113110862365
13.503086419753085	0.9999999991901506	0.793424273204041	1.7609732446089845	0.08559728840483327
13.580246913580247	0.9999999997490818	0.7878562893511655	1.7529963789508012	0.08662717292001465
13.657407407407407	1.0000000001688412	0.7823383973561561	1.744943478457363	0.0877112665728288
13.734567901234566	1.0000000003838498	0.7768712357325988	1.7368195574399898	0.08884993067107966
13.811728395061728	1.000000000436304	0.7714569156853933	1.7286271385254512	0.09004339450093253
13.888888888888888	1.000000000373885	0.7660976233647222	1.7203686175386563	0.09129188062996958
13.966049382716049	1.0000000002442726	0.7607955449207664	1.7120463903045136	0.0925956116257731
14.043209876543209	1.0000000000951481	0.7555528665037081	1.7036628526479327	0.09395481005592528
14.12037037037037	0.9999999999740176	0.7503717624098772	1.6952204056917388	0.09536969848311003
14.19753086419753	0.9999999999087771	0.7452530740580149	1.6867220462701666	0.0968404989192274
14.27469135802469	0.9999999998900135	0.7401951070610974	1.6781719045611563	0.0983674323283089
14.351851851851851	0.9999999999041339	0.7351958829258032	1.66957423772007	0.099950719556985
14.429012345679011	0.9999999999375455	0.7302534231588114	1.6609333029022715	0.10159058145188608
14.506172839506172	0.9999999999766549	0.7253657492668009	1.6522533572631244	0.1032872388596427
14.583333333333332	1.0000000000079519	0.7205308973354384	1.6435386468428381	0.10504091663750469
14.660493827160494	1.000000000024055	0.7157479871856542	1.6347925914319381	0.10685213777382427
14.737654320987653	1.0000000000278324	0.7110179510895561	1.6260172289915857	0.10872192385479909
14.814814814814813	1.0000000000231297	0.7063418938360718	1.6172144659545393	0.11065134392529262
14.891975308641975	1.000000000013791	0.7017209202141281	1.6083862087535568	0.11264146703016827
14.969135802469134	1.0000000000036602	0.6971561350126533	1.5995343638213968	0.11469336221428937
15.046296296296296	0.9999999999964327	0.6926486332917795	1.590660906918141	0.1168081389407999
15.123456790123456	0.9999999999932431	0.6881993440816753	1.5817689969322957	0.11898759644440333
15.200617283950617	0.9999999999930814	0.6838090572575883	1.5728627843693885	0.12123411207897272
15.277777777777777	0.9999999999948712	0.6794785583935747	1.563946450385221	0.1235500810676887
15.354938271604938	0.9999999999975363	0.6752086330636897	1.5550241761355934	0.12593789863373203
15.432098765432098	0.9999999999999999	0.6710000668419891	1.5461001427763068	0.12839996000028336
15.509259259259258	1.000000000001415	0.6668535706686785	1.5371779185994532	0.13093803957811176
15.58641975308642	1.0000000000018505	0.6627695569342342	1.5282586203246167	0.13355142840914105
15.663580246913579	1.0000000000016052	0.6587483633881178	1.5193427517488356	0.1362387966632824
15.74074074074074	1.0000000000009768	0.6547903277797905	1.510430816669148	0.1389988145104471
15.8179012345679	1.000000000000264	0.6508957878587139	1.5015233188825923	0.1418301521205463
15.895061728395062	0.9999999999997535	0.6470650699506802	1.4926208109894539	0.14473164047396578
15.972222222222221	0.9999999999995374	0.6432982985924223	1.4837247076564315	0.14770495112658824
16.049382716049383	0.9999999999995386	0.6395954255143708	1.474837161798913	0.1507541882208183
16.12654320987654	0.9999999999996751	0.6359563968635591	1.4659603501852143	0.15388353449629943
16.203703703703702	0.9999999999998656	0.6323811587870202	1.4570964495836494	0.1570971726926757
16.280864197530864	1.0000000000000278	0.6288696627022073	1.4482476359874952	0.16039927990664415
16.358024691358025	1.0000000000001104	0.6254228532589935	1.4394159393307173	0.16379296979830532
16.435185185185183	1.0000000000001268	0.622043833092227	1.4306030722058538	0.167279045510956
16.512345679012345	1.0000000000000995	0.6187359880367046	1.42181070555961	0.1708580069706557
16.589506172839506	1.0000000000000508	0.6155027039272243	1.4130405103386925	0.1745303541034637
16.666666666666664	1.000000000000003	0.6123473665985834	1.4042941574898085	0.17829658683543909
16.743827160493826	0.9999999999999749	0.6092724601137594	1.3955733438217077	0.18215719848148199
16.820987654320987	0.9999999999999661	0.6062758860855881	1.386879897563893	0.18611264876117628
16.89814814814815	0.9999999999999709	0.6033540941235495	1.3782156885880807	0.1901633867490341
16.975308641975307	0.9999999999999828	0.600503533256475	1.369582586782641	0.1943098615153106
17.05246913580247	0.9999999999999962	0.5977206525131961	1.3609824620359414	0.19855252213026134
17.12962962962963	1.000000000000005	0.5950023966757125	1.3524171146503232	0.20289193295148825
17.206790123456788	1.0000000000000089	0.592351531143889	1.343887527921376	0.20733001192066153
17.28395061728395	1.0000000000000084	0.589774604033579	1.3353941541865395	0.21186955664965496
17.36111111111111	1.0000000000000056	0.5872782277520271	1.3269374367590394	0.21651337970129786
17.438271604938272	1.0000000000000018	0.5848690147064782	1.318517818952102	0.22126429363841982
17.51543209876543	0.999999999999999	0.5825534497559399	1.3101357420109392	0.22612507834869575
17.59259259259259	0.9999999999999977	0.5803334419347675	1.3017915729902476	0.23109734149053457
17.669753086419753	0.9999999999999977	0.57820516845455	1.2934855860113377	0.23618122235086816
17.74691358024691	0.9999999999999982	0.5761644440956559	1.2852180493192122	0.24137676736943342
17.824074074074073	0.9999999999999993	0.574207083638454	1.2769892311588713	0.24668402298596798
17.901234567901234	1.0	0.5723289074453365	1.268799400456665	0.25210303681945023
17.978395061728396	1.0000000000000007	0.5705283701978547	1.2606491476863757	0.2576344130071336
18.055555555555554	1.0000000000000007	0.5688107593639178	1.2525398973380137	0.263280199159991
18.132716049382715	1.0000000000000004	0.5671824557828448	1.244473207359515	0.2690426738713242
18.209876543209877	1.0000000000000004	0.5656498402939555	1.2364506356988156	0.27492411573443376
18.287037037037035	1.0	0.5642192937365695	1.2284737403038521	0.28092680334262055
18.364197530864196	0.9999999999999999	0.5628962959843391	1.2205440388528461	0.2870528056727391
18.441358024691358	0.9999999999999999	0.5616804572244295	1.2126627866715183	0.2933028260748806
18.51851851851852	0.9999999999999999	0.5605690366906004	1.2048311340069782	0.2996770209321234
18.595679012345677	0.9999999999999999	0.5595592873591158	1.1970502308266489	0.3061755451716915
18.67283950617284	0.9999999999999999	0.5586484622062388	1.189321227097953	0.3127985537208102
18.75	1.0	0.5578339335798063	1.181645251509993	0.3195461852538935
18.827160493827158	1.0	0.5571163463440841	1.1740228494165306	0.3264181328820794
18.90432098765432	1.0000000000000002	0.5564999405323541	1.1664539253222475	0.33341360022307953
18.98148148148148	1.0	0.5559891402589061	1.1589383509188655	0.34053176583140354
19.058641975308642	1.0	0.5555883696380293	1.1514759978981057	0.3477718082615617
19.1358024691358	0.9999999999999999	0.5553020527840131	1.1440667379516887	0.3551329060680634
19.212962962962962	1.0	0.5551339120335399	1.1367106227420702	0.36261452640482505
19.290123456790123	1.0	0.5550847854386047	1.129408443605973	0.370217322560568
19.36728395061728	1.0	0.5551547701589872	1.1221611818817883	0.3779422525089317
19.444444444444443	1.0	0.5553439633539343	1.1149698189080435	0.38579027422377604
19.521604938271604	1.0	0.5556524621826933	1.1078353360232667	0.3937623456789596
19.598765432098766	1.0	0.5560803815081876	1.1007587190799635	0.4018593777636283
19.675925925925924	1.0	0.5566285742614356	1.0937411421188485	0.41008031840040476
19.753086419753085	1.0	0.5572988820215611	1.0867840312602421	0.41842148610258584
19.830246913580247	1.0	0.558093215533504	1.079888830259953	0.42687901543000245
19.907407407407405	1.0	0.5590134855422045	1.0730569828737908	0.43544904094248565
19.984567901234566	1.0	0.5600616027926033	1.0662899328575635	0.4441276971998674
20.061728395061728	1.0	0.5612393915355869	1.059589071163486	0.4529112456745073
20.13888888888889	1.0	0.5625474541323977	1.0529550427946306	0.4617977407146651
20.216049382716047	1.0	0.5639854879980605	1.0463879402951317	0.470786564494131
20.29320987654321	1.0	0.5655531692393556	1.039887843200692	0.47987713045223485
20.37037037037037	1.0	0.5672501739630633	1.033454831047016	0.48906885202830525
20.447530864197528	1.0	0.5690761782759639	1.027088983369807	0.49836114266167064
20.52469135802469	1.0	0.5710309626704961	1.0207904420494187	0.5077531935973428
20.60185185185185	1.0	0.5731157413400118	1.0145602052484175	0.5172411443182294
20.679012345679013	1.0	0.5753327700358724	1.0083998932030458	0.52681891725678
20.75617283950617	1.0	0.5776843279475403	1.0023111401480225	0.5364803849553276
20.833333333333332	1.0	0.580172694264478	0.9962955803180652	0.5462194199562062
20.910493827160494	1.0	0.5828001481761474	0.9903548479478932	0.5560298948017486
20.98765432098765	1.0	0.5855689390348239	0.9844905774620449	0.5659056885758657
21.064814814814813	1.0	0.5884796577752611	0.9787044138356727	0.5758410439579879
21.141975308641975	1.0	0.5915303978423858	0.9729980179326017	0.5858307511833303
21.219135802469136	1.0	0.5947190461608196	0.9673730519305092	0.5958696457651258
21.296296296296294	1.0	0.598043489655185	0.9618311780070729	0.605952563216606
21.373456790123456	1.0	0.6015016152501043	0.9563740583399698	0.6160743390510048
21.450617283950617	1.0	0.6050913098701995	0.9510033551068773	0.6262298087815543